$ANSIBLE_VAULT;1.1;AES256
37363562646465396665333966663463323135303262353435623832613130653063396537336633
6563663937396366633961383834663131613736363538610a643061326365636637363635336438
66633932316661343036383639396161343062646439663436316537313933313936313538356231
3863613033656530630a333063366230343765623339623131353664613630363538346139343130
62653363343537353331313865343131373864363065333634363939386134343832353130633734
34333938613439346561613838653963333539356339303637386334393961323466323563616237
38633065626364363061353232346462373838613665343863643835353530613839653534333535
36356635643637613434653462646436363866643032363865373264376137623636313063306233
34303163663866313839303737356231373230373434356134663033623137303132613034613837
62383035323633303234383936356237386636663038623733633866316239633437383737356565
62386662346433343834646363393839323963643339613964346334616130663863393938316633
31383636336337653761333764663565616464323839333865366466643932393831376361633037
61636535333230383036646233353666656664613030613230316563396137383466373439653063
35636266346338353063613934616465353335366134663130643436653531633434633032643038
35643635373435323964623335396236363533376562393638366262626432363331316531343465
38666433366361326364323363383266643138653862666330353762316332336132396161636430
62613633643835366539306433666338373566393561313863616335336530353466
